31 7691
813 3489
37 5403
45 7160
21 3503
64 6829
02 5288
71 8883
71 4633
368 2748
17 1175
107 6228
32 0432
22 2253
34 9815
02 4084
142 2856
38 0606
235 6792
34 0298
66 0391
46 4621
11 8838
12 6447
808 6440
57 5121
100 1634
15 1100
50 0950
469399
51 7017
36 7450
127 4004
72 1803
30 4426
240 3180
186 9970
52 7226
20 9907
54 3518
56 2352
16 2611
245 7819
24 6378
29 3962
16 2913
63 1622
95 5625
32 0259
68 9261
30 0524
287 5188
58 9069
51 9402
36 2400
42 1191
80 3158
338 6325
122 2519
83 9740
58 2886
68 2999
84 3393
10 4013
102 2465
48 5072
184 4609
119 9890
05 2683
53 9646
177 8521
64 7528
84 4851
123 2402
187 9972
59 0313
21 2141
16 5034
48 7250
38 0751
18 8176
64 8233
50 8055
97 5969
12 6390
16 9326
03 1494
45 6027
315 2294
128 9582
53 1589
135 7648
32 5927
308 9505
229 7343
22 9881
332 2377
82 1626
140 6699
61 2671
11 1557
47 1041
58 6354
181 3704
20 9820
200 6561
284 1769
30 9483
321 7471
58 0613
19 4206
60 1729
57 7953
50 4400
81 8970
41 6903
05 2091
40 4157
81 9071
78 6538
42 3516
36 6804
281 1997
27 9260
49 8391
48 4362
232 5054
25 7061
68 4873
182 4627
13 8958
13 9819
15 3856
364 7950
249 5255
97 0879
371 4502
34 0298
188 9644
344 5567
29 6482
19 0624
56 6301
63 5159
26 0498
250 1321
94 8405
286 5496
41 7239
68 2897
16 6434
185 5629
23 2180
69 6733
35 0580
296 6749
58 0802
141 6870
104 5914
31 9033
19 2842
04 9221
58 0841
18 3648
344 7008
160 5664
11 3996
16 9973
21 3798
63 5481
149 1327
57 6125
56 9597
350 6779
02 5712
173 1833
38 6356
07 1996
38 0593
48 6245
19 5378
170 2630
29 0228
69 8158
02 4078
293 1600
107 8908
295 3275
109 3048
128 2954
31 2901
150 8443
23 9368
54 1313
171 2214
160 6472
15 6362
293 1491
29 6821
178 3057
